ROC
---

0.9733    0.7472
0.9710    0.7563
0.9669    0.7699
0.9636    0.7801
0.9606    0.7885
0.9562    0.7990
0.9515    0.8098
0.9479    0.8168
0.9431    0.8257
0.9389    0.8330
0.9330    0.8421
0.9294    0.8469
0.9230    0.8552
0.9180    0.8617
0.9125    0.8679
0.9067    0.8741
0.9014    0.8795
0.8953    0.8852
0.8899    0.8902
0.8829    0.8959
0.8758    0.9014
0.8714    0.9050
0.8637    0.9103
0.8571    0.9144
0.8498    0.9191
0.8426    0.9229
0.8352    0.9268
0.8277    0.9304
0.8203    0.9338
0.8112    0.9375
0.8022    0.9412
0.7941    0.9442
0.7848    0.9472
0.7766    0.9500
0.7669    0.9529
0.7590    0.9552
0.7481    0.9580
0.7383    0.9604
0.7280    0.9626
0.7175    0.9648
0.7060    0.9670
0.6937    0.9690
0.6830    0.9707
0.6710    0.9725
0.6576    0.9743
0.6470    0.9758
0.6319    0.9775
0.6193    0.9788
0.6044    0.9804
0.5913    0.9816
0.5749    0.9829
0.5610    0.9838
0.5479    0.9848
0.5318    0.9858
0.5160    0.9868
0.5017    0.9876
0.4866    0.9884
0.4704    0.9892
0.4549    0.9900
0.4422    0.9905
0.4239    0.9912
0.4075    0.9918
0.3937    0.9923
0.3774    0.9928
0.3612    0.9933
0.3451    0.9938
0.3303    0.9942
0.3147    0.9945
0.3000    0.9949
0.2882    0.9951
0.2718    0.9955
0.2594    0.9957
0.2456    0.9960
0.2340    0.9962
0.2202    0.9965
0.2073    0.9967
0.1967    0.9969
0.1845    0.9971
0.1729    0.9972
0.1626    0.9974
0.1519    0.9976
