ROC
---

Sens

0.9969
0.9966
0.9960
0.9958
0.9954
0.9952
0.9949
0.9944
0.9938
0.9935
0.9929
0.9928
0.9920
0.9915
0.9908
0.9901
0.9896
0.9890
0.9882
0.9873
0.9866
0.9862
0.9852
0.9841
0.9832
0.9825
0.9816
0.9808
0.9801
0.9789
0.9778
0.9769
0.9760
0.9749
0.9736
0.9726
0.9717
0.9707
0.9697
0.9684
0.9672
0.9660
0.9650
0.9640
0.9624
0.9611
0.9597
0.9590
0.9577
0.9564
0.9548
0.9539
0.9524
0.9511
0.9497
0.9485
0.9466
0.9451
0.9437
0.9427
0.9402
0.9384
0.9370
0.9356
0.9337
0.9321
0.9301
0.9280
0.9263
0.9253
0.9232
0.9215
0.9193
0.9179
0.9163
0.9140
0.9124
0.9097
0.9079
0.9060
0.9043
0.9023
0.8996
0.8978
0.8962
0.8945
0.8925
0.8897
0.8876
0.8852
0.8829
0.8806
0.8784
0.8758
0.8733
0.8712
0.8692
0.8667
0.8632
0.8610
0.8590
0.8565
0.8538
0.8516
0.8487
0.8463
0.8433
0.8417
0.8382
0.8353
0.8330
0.8306
0.8278
0.8244
0.8215
0.8188
0.8164
0.8137
0.8112
0.8078
0.8046
0.8018
0.7995
0.7959
0.7927
0.7893
0.7867
0.7841
0.7808
0.7772
0.7735

Spec

0.5193
0.5364
0.5568
0.5674
0.5832
0.5930
0.6086
0.6165
0.6272
0.6374
0.6472
0.6517
0.6613
0.6693
0.6758
0.6820
0.6877
0.6935
0.6990
0.7045
0.7092
0.7116
0.7175
0.7217
0.7261
0.7295
0.7329
0.7356
0.7384
0.7420
0.7462
0.7486
0.7507
0.7540
0.7572
0.7593
0.7612
0.7637
0.7659
0.7683
0.7704
0.7729
0.7744
0.7759
0.7785
0.7805
0.7828
0.7838
0.7858
0.7876
0.7900
0.7911
0.7927
0.7944
0.7960
0.7975
0.7996
0.8013
0.8025
0.8035
0.8058
0.8075
0.8090
0.8100
0.8115
0.8131
0.8147
0.8163
0.8178
0.8186
0.8205
0.8220
0.8237
0.8249
0.8262
0.8278
0.8289
0.8308
0.8320
0.8334
0.8346
0.8359
0.8378
0.8390
0.8403
0.8413
0.8426
0.8443
0.8454
0.8467
0.8481
0.8494
0.8506
0.8520
0.8534
0.8545
0.8555
0.8569
0.8585
0.8596
0.8607
0.8620
0.8634
0.8644
0.8659
0.8671
0.8684
0.8692
0.8708
0.8721
0.8731
0.8741
0.8752
0.8766
0.8777
0.8788
0.8799
0.8810
0.8821
0.8833
0.8846
0.8856
0.8865
0.8876
0.8889
0.8900
0.8910
0.8920
0.8930
0.8941
0.8952
