ROC
---

Sens

0.9482
0.9438
0.9365
0.9302
0.9244
0.9174
0.9085
0.9025
0.8947
0.8866
0.8763
0.8702
0.8589
0.8498
0.8402
0.8297
0.8198
0.8092
0.7990
0.7865
0.7730
0.7643
0.7499
0.7378
0.7235
0.7108
0.6955
0.6814
0.6676
0.6504
0.6323
0.6164
0.5991
0.5826
0.5646
0.5494
0.5285
0.5110
0.4934
0.4759
0.4570
0.4386
0.4220
0.4052
0.3870
0.3728
0.3545
0.3403
0.3233
0.3092
0.2931
0.2802
0.2677
0.2533
0.2400
0.2282
0.2165
0.2042
0.1926
0.1835
0.1726
0.1627
0.1546
0.1458
0.1374
0.1291
0.1219
0.1143
0.1070
0.1017
0.0944
0.0890
0.0834
0.0787
0.0730
0.0682
0.0638
0.0596
0.0556
0.0520
0.0484

Spec

0.7930
0.7974
0.8041
0.8095
0.8139
0.8198
0.8260
0.8302
0.8356
0.8402
0.8460
0.8491
0.8548
0.8593
0.8638
0.8683
0.8723
0.8765
0.8803
0.8848
0.8890
0.8919
0.8963
0.8997
0.9035
0.9067
0.9100
0.9130
0.9160
0.9192
0.9224
0.9250
0.9277
0.9301
0.9326
0.9347
0.9373
0.9394
0.9415
0.9435
0.9455
0.9474
0.9492
0.9509
0.9528
0.9543
0.9561
0.9576
0.9593
0.9607
0.9623
0.9636
0.9649
0.9663
0.9677
0.9690
0.9703
0.9716
0.9728
0.9738
0.9750
0.9761
0.9771
0.9781
0.9791
0.9800
0.9809
0.9818
0.9827
0.9835
0.9844
0.9851
0.9858
0.9864
0.9872
0.9878
0.9884
0.9890
0.9896
0.9902
0.9907
